;Frankfurt;Wurzburg;Nurnberg;Bayreuth;Mannheim;Karlsruhe;Basel;Bern;Zurich;Memmingen;Stuttgart;Ulm;Munchen;Landeck;Innsbruck;Rosenheim;Passau;Salzburg;Linz
Frankfurt;0;111;-1;-1;85;-1;-1;-1;-1;-1;-1;-1;-1;-1;-1;-1;-1;-1;-1
Wurzburg;111;0;104;-1;-1;-1;-1;-1;-1;-1;140;183;-1;-1;-1;-1;-1;-1;-1
Nurnberg;-1;104;0;75;230;-1;-1;-1;-1;-1;-1;171;170;-1;-1;-1;220;-1;-1
Bayreuth;-1;-1;75;0;-1;-1;-1;-1;-1;-1;-1;-1;-1;-1;-1;-1;-1;-1;-1
Mannheim;85;-1;230;-1;0;67;-1;-1;-1;-1;-1;-1;-1;-1;-1;-1;-1;-1;-1
Karlsruhe;-1;-1;-1;-1;67;0;191;-1;-1;-1;64;-1;-1;-1;-1;-1;-1;-1;-1
Basel;-1;-1;-1;-1;-1;191;0;91;85;-1;-1;-1;-1;-1;-1;-1;-1;-1;-1
Bern;-1;-1;-1;-1;-1;-1;91;0;120;-1;-1;-1;-1;-1;-1;-1;-1;-1;-1
Zurich;-1;-1;-1;-1;-1;-1;85;120;0;184;-1;-1;-1;-1;-1;-1;-1;-1;-1
Memmingen;-1;-1;-1;-1;-1;-1;-1;-1;184;0;-1;55;115;-1;-1;-1;-1;-1;-1
Stuttgart;-1;140;-1;-1;-1;64;-1;-1;-1;-1;0;107;-1;-1;-1;-1;-1;-1;-1
Ulm;-1;183;171;-1;-1;-1;-1;-1;-1;55;107;0;123;-1;-1;-1;-1;-1;-1
Munchen;-1;-1;170;-1;-1;-1;-1;-1;-1;115;-1;123;0;-1;-1;59;189;-1;-1
Landeck;-1;-1;-1;-1;-1;-1;-1;-1;-1;-1;-1;-1;-1;0;73;-1;-1;-1;-1
Innsbruck;-1;-1;-1;-1;-1;-1;-1;-1;-1;-1;-1;-1;-1;73;0;93;-1;-1;-1
Rosenheim;-1;-1;-1;-1;-1;-1;-1;-1;-1;-1;-1;-1;59;-1;93;0;-1;81;-1
Passau;-1;-1;220;-1;-1;-1;-1;-1;-1;-1;-1;-1;189;-1;-1;-1;0;-1;102
Salzburg;-1;-1;-1;-1;-1;-1;-1;-1;-1;-1;-1;-1;-1;-1;-1;81;-1;0;126
Linz;-1;-1;-1;-1;-1;-1;-1;-1;-1;-1;-1;-1;-1;-1;-1;-1;102;126;0
